10

10
0 204 418 322 372 457 176 441 157 493 
204 0 500 77 204 20 350 424 189 32 
418 500 0 287 244 44 158 486 395 83 
322 77 287 0 396 350 228 267 204 403 
372 204 244 396 0 437 171 147 146 60 
457 20 44 350 437 0 234 189 414 284 
176 350 158 228 171 234 0 362 99 60 
441 424 486 267 147 189 362 0 347 139 
157 189 395 204 146 414 99 347 0 454 
493 32 83 403 60 284 60 139 454 0 

10
0 395 353 272 208 260 298 168 178 308 
395 0 235 40 464 340 438 318 467 257 
353 235 0 385 100 443 236 273 346 326 
272 40 385 0 86 365 44 204 485 415 
208 464 100 86 0 192 61 378 226 407 
260 340 443 365 192 0 128 236 185 116 
298 438 236 44 61 128 0 303 428 3 
168 318 273 204 378 236 303 0 442 450 
178 467 346 485 226 185 428 442 0 176 
308 257 326 415 407 116 3 450 176 0 

10
0 4 329 350 320 343 132 423 459 266 
4 0 343 419 164 258 229 291 195 164 
329 343 0 270 344 442 54 118 412 248 
350 419 270 0 31 59 452 168 337 255 
320 164 344 31 0 86 78 462 389 147 
343 258 442 59 86 0 324 281 169 476 
132 229 54 452 78 324 0 363 131 160 
423 291 118 168 462 281 363 0 448 451 
459 195 412 337 389 169 131 448 0 405 
266 164 248 255 147 476 160 451 405 0 

10
0 454 331 12 127 98 285 369 392 344 
454 0 104 135 348 67 221 477 289 10 
331 104 0 152 437 373 376 357 112 113 
12 135 152 0 89 191 339 341 292 244 
127 348 437 89 0 398 232 103 238 146 
98 67 373 191 398 0 362 56 179 333 
285 221 376 339 232 362 0 129 16 119 
369 477 357 341 103 56 129 0 428 484 
392 289 112 292 238 179 16 428 0 417 
344 10 113 244 146 333 119 484 417 0 

10
0 74 423 350 481 4 334 98 434 40 
74 0 268 324 336 285 425 277 57 460 
423 268 0 240 51 130 417 213 200 303 
350 324 240 0 179 474 90 263 163 103 
481 336 51 179 0 207 275 257 60 293 
4 285 130 474 207 0 241 48 485 227 
334 425 417 90 275 241 0 166 292 20 
98 277 213 263 257 48 166 0 385 234 
434 57 200 163 60 485 292 385 0 1 
40 460 303 103 293 227 20 234 1 0 

10
0 118 460 383 296 400 162 38 10 25 
118 0 381 394 81 153 475 367 366 335 
460 381 0 47 152 106 336 447 253 187 
383 394 47 0 220 78 328 65 378 486 
296 81 152 220 0 465 357 162 266 497 
400 153 106 78 465 0 81 27 405 13 
162 475 336 328 357 81 0 216 336 321 
38 367 447 65 162 27 216 0 343 176 
10 366 253 378 266 405 336 343 0 370 
25 335 187 486 497 13 321 176 370 0 

10
0 161 245 16 229 489 139 95 378 261 
161 0 496 178 50 137 53 58 256 45 
245 496 0 460 5 165 388 262 22 144 
16 178 460 0 421 248 423 97 234 292 
229 50 5 421 0 233 420 286 96 183 
489 137 165 248 233 0 66 163 10 48 
139 53 388 423 420 66 0 453 250 31 
95 58 262 97 286 163 453 0 343 105 
378 256 22 234 96 10 250 343 0 467 
261 45 144 292 183 48 31 105 467 0 

10
0 219 326 110 286 70 139 288 277 414 
219 0 250 184 482 458 264 407 86 476 
326 250 0 306 13 111 374 317 491 285 
110 184 306 0 307 498 487 68 240 135 
286 482 13 307 0 283 225 44 155 466 
70 458 111 498 283 0 409 298 449 400 
139 264 374 487 225 409 0 80 203 361 
288 407 317 68 44 298 80 0 4 452 
277 86 491 240 155 449 203 4 0 125 
414 476 285 135 466 400 361 452 125 0 

10
0 477 116 382 372 1 60 374 421 469 
477 0 303 63 23 344 139 364 172 402 
116 303 0 323 305 499 72 364 264 426 
382 63 323 0 302 224 431 229 319 190 
372 23 305 302 0 459 21 87 173 462 
1 344 499 224 459 0 134 386 459 64 
60 139 72 431 21 134 0 385 169 113 
374 364 364 229 87 386 385 0 248 244 
421 172 264 319 173 459 169 248 0 436 
469 402 426 190 462 64 113 244 436 0 

10
0 15 175 284 469 19 120 451 332 225 
15 0 147 121 261 149 191 337 84 90 
175 147 0 459 382 57 383 204 227 224 
284 121 459 0 435 68 335 181 262 99 
469 261 382 435 0 176 326 305 102 209 
19 149 57 68 176 0 3 316 227 266 
120 191 383 335 326 3 0 62 318 481 
451 337 204 181 305 316 62 0 22 396 
332 84 227 262 102 227 318 22 0 92 
225 90 224 99 209 266 481 396 92 0 

